125.5318 0.931516 0.0000095992 -1
47.4499 0.784228 0.0000069508 -1
16.0667 0.652348 0.0000054280 -1
14.6773 0.454775 0.0000106844 -1
50.5599 0.862604 0.0000296826 -1
0.023937 0.147572 0.0001780980 -1
4.62106 0.172521 0.0000386114 -1
4.08529 0.0694642 0.0000532179 -1
20.2416 0.37268 0.0000539587 -1
17.1263 0.3716 0.0000321282 -1
0.33929 0.412288 0.0001641300 -1
21.8376 0.358963 0.0000320089 -1
35.6695 0.725243 0.0000014029 -1
70.453 0.812645 0.0000075952 -1
31.4736 0.437418 0.0000122135 -1
29.5356 0.66952 0.0000191430 -1
24.5705 0.580559 0.0000264294 -1
17.1914 0.794022 0.0000162657 -1
29.4403 0.526415 0.0000289014 -1
3.46673 0.848787 0.0000582810 -1
38.7944 0.528056 0.0000270553 -1
28.3361 0.361056 0.0000282588 -1
30.8371 0.355245 0.0000095323 -1
15.8031 0.184991 0.0000172806 -1
1.16506 0.468251 0.0000153413 -1
16.6526 0.180934 0.0000356916 -1
7.9657 0.129644 0.0000350956 -1
9.58797 0.241768 0.0000239345 -1
12.6765 0.158536 0.0000412441 -1
20.8053 0.207797 0.0000031714 -1
80.582 0.949651 0.0000095602 -1
28.5268 0.648258 0.0000221402 -1
0.870492 0.475241 0.0001086530 -1
5.24145 0.355673 0.0000435670 -1
20.8018 0.959609 0.0000294138 -1
0.353998 0.755794 0.0002376320 -1
18.376 0.402725 0.0000181235 -1
21.0472 0.219492 0.0000037866 -1
37.9962 0.35124 0.0000216432 -1
47.3316 0.621679 0.0000075979 -1
17.3277 0.217882 0.0000105677 -1
30.5918 0.376839 0.0000132188 -1
28.1354 0.891868 0.0000356242 -1
28.2677 0.368423 0.0000199860 -1
5.55668 0.510775 0.0000557216 -1
2.68152 0.0252225 0.0000017955 -1
14.7836 0.153615 0.0000123322 -1
18.2229 0.187951 0.0000334963 -1
20.726 0.543116 0.0000396845 -1
21.6334 0.842966 0.0000170790 -1
9.40654 0.161415 0.0000179912 -1
26.5405 0.570054 0.0000299769 -1
10.984 0.947366 0.0000140215 -1
0.912595 0.167348 0.0002188000 -1
1.91781 0.601177 0.0001230810 -1
0.13253 0.210078 0.0000133458 -1
36.8408 0.41191 0.0000120887 -1
3.48396 0.687611 0.0000275305 -1
15.7043 0.248458 0.0000202445 -1
16.1039 0.201971 0.0000433958 -1
0.702676 0.198051 0.0002448880 -1
7.94185 0.870445 0.0000638314 -1
3.78014 0.654242 0.0000070241 -1
23.5943 0.538574 0.0000031928 -1
0.782708 0.425724 0.0000951231 -1
17.5641 0.426478 0.0000093018 -1
4.65978 0.198799 0.0000151423 -1
2.03454 0.0464473 0.0000571409 -1
3.04509 0.0134477 0.0000532414 -1
4.2232 0.244498 0.0000040681 -1
18.5063 0.834818 0.0000266073 -1
14.4789 0.156271 0.0000170355 -1
9.65487 0.773401 0.0000347200 -1
8.63097 0.416517 0.0000117944 -1
11.2913 0.197764 0.0000136107 -1
15.155 0.211464 0.0000448535 -1
2.15459 0.187199 0.0000166388 -1
38.8393 0.910187 0.0000208234 -1
44.6486 0.489822 0.0000266203 -1
42.2921 0.472961 0.0000143457 -1
1.68106 0.968965 0.0001280180 -1
8.55147 0.117375 0.0000361954 -1
15.9629 0.193585 0.0000348251 -1
1.03599 0.944618 0.0001866190 -1
18.6193 0.209286 0.0000166479 -1
6.07595 0.0901905 0.0000210627 -1
1.00684 0.0410106 0.0001272780 -1
2.16193 0.106205 0.0001015920 -1
28.999 0.485848 0.0000035736 -1
32.0399 0.251584 0.0000047083 -1
12.1215 0.143718 0.0000241246 -1
11.0342 0.322281 0.0000459195 -1
44.5382 0.474011 0.0000156119 -1
9.74729 0.179972 0.0000287091 -1
11.609 0.246436 0.0000206988 -1
12.4074 0.219199 0.0000443013 -1
10.358 0.240475 0.0000079194 -1
16.6045 0.715832 0.0000074693 -1
13.3574 0.235368 0.0000288279 -1
29.3324 0.418975 0.0000209499 -1
5.44512 0.27539 0.0000215904 -1
34.963 0.356832 0.0000129545 -1
12.8556 0.232338 0.0000291269 -1
1.99317 0.277328 0.0000885571 -1
6.99274 0.185002 0.0000357071 -1
23.6614 0.200908 0.0000163234 -1
17.7175 0.251136 0.0000064475 -1
5.32489 0.820066 0.0000500004 -1
9.93572 0.0983167 0.0000516273 -1
12.897 0.183801 0.0000243021 -1
2.39405 0.426036 0.0001025820 -1
4.46182 0.115559 0.0000077160 -1
2.19726 0.369226 0.0001327490 -1
23.6594 0.782733 0.0000140603 -1
5.32774 0.053101 0.0000307101 -1
33.1783 0.550415 0.0000060414 -1
11.0241 0.167863 0.0000084347 -1
23.5947 0.300186 0.0000409201 -1
28.8647 0.293429 0.0000090715 -1
0.333204 0.254796 0.0001753120 -1
10.0415 0.1965 0.0000307969 -1
18.3049 0.171446 0.0000230755 -1
25.2576 0.233582 0.0000324864 -1
14.8949 0.14775 0.0000298010 -1
9.52419 0.668275 0.0000366447 -1
20.5113 0.291447 0.0000542924 -1
22.0603 0.220779 0.0000229308 -1
18.662 0.281505 0.0000465332 -1
4.4539 0.0760659 0.0000459738 -1
15.1432 0.160887 0.0000079326 -1
21.9821 0.446472 0.0000227212 -1
7.02263 0.107127 0.0000626838 -1
0.962123 0.0505298 0.0000821891 -1
5.0408 0.11063 0.0000407163 -1
6.12186 0.0846162 0.0000232978 -1
11.4478 0.423683 0.0000069758 -1
55.121 0.679695 0.0000104359 -1
51.6087 0.629343 0.0000358504 -1
13.7902 0.137541 0.0000320345 -1
2.8988 0.107853 0.0000751432 -1
10.3534 0.202489 0.0000224843 -1
32.3991 0.838828 0.0000291580 -1
13.6421 0.800697 0.0000204141 -1
11.6643 0.407166 0.0000206545 -1
18.9861 0.35791 0.0000437088 -1
42.8848 0.463065 0.0000138623 -1
0.655886 0.217728 0.0002462000 -1
21.4065 0.261148 0.0000098975 -1
17.4672 0.274011 0.0000115835 -1
25.0141 0.32165 0.0000159203 -1
16.5875 0.261265 0.0000416843 -1
0.95458 0.376095 0.0001254720 -1
6.05086 0.100722 0.0000012402 -1
19.855 0.471079 0.0000312379 -1
12.116 0.977413 0.0000714517 -1
7.88784 0.426695 0.0000257983 -1
21.6966 0.256381 0.0000537172 -1
46.7931 0.490564 0.0000096199 -1
7.81281 0.922307 0.0000399177 -1
11.9657 0.159446 0.0000227242 -1
67.7641 0.793347 0.0000108818 -1
9.55933 0.772736 0.0000677767 -1
19.9625 0.264726 0.0000108019 -1
25.6354 0.222918 0.0000297800 -1
0.618563 0.129535 0.0001405160 -1
21.643 0.288924 0.0000174247 -1
4.78467 0.756047 0.0000550161 -1
22.2905 0.467625 0.0000224843 -1
0.630796 0.092497 0.0000979275 -1
7.94533 0.679797 0.0000378690 -1
51.6181 0.678731 0.0000026218 -1
16.9689 0.14914 0.0000171549 -1
37.4871 0.63531 0.0000210249 -1
23.579 0.403181 0.0000308827 -1
21.1629 0.627084 0.0000294884 -1
39.9248 0.356697 0.0000191850 -1
9.96695 0.850763 0.0000424686 -1
5.14077 0.62734 0.0000429684 -1
1.59336 0.985612 0.0001355040 -1
15.7754 0.437046 0.0000084935 -1
1.38053 0.149814 0.0000457106 -1
2.57636 0.210467 0.0000509196 -1
3.67936 0.0772183 0.0000412697 -1
23.9591 0.28615 0.0000211719 -1
9.36303 0.657739 0.0000468247 -1
0.999159 0.146355 0.0000228580 -1
53.9557 0.700814 0.0000116569 -1
6.56134 0.0786244 0.0000005560 -1
34.7121 0.861315 0.0000010755 -1
0.845833 0.884912 0.0002359910 -1
10.4492 0.102495 0.0000065755 -1
26.0621 0.353813 0.0000065215 -1
7.23687 0.162274 0.0000391340 -1
4.69686 0.0307587 0.0000458318 -1
0.825189 0.314473 0.0001859430 -1
26.9316 0.262128 0.0000312075 -1
11.8307 0.398285 0.0000158246 -1
16.0073 0.254644 0.0000337377 -1
19.5145 0.780361 0.0000131377 -1
1.37496 0.921386 0.0001278740 -1
