655
656
657
658
660
661
662
663
664
665
666
667
668
669
670
671
672
673
674
675
676
678
679
680
681
682
683
684
685
686
687
688
690
691
692
693
694
695
697
698
699
700
701
702
703
704
705
706
708
709
710
711
712
713
714
715
716
717
718
719
720
721
722
723
724
725
726
727
728
729
730
732
734
736
737
738
739
740
741
742
743
744
745
746
747
748
749
750
751
752
753
754
755
756
757
758
759
760
761
762
763
764
765
766
767
768
769
770
771
772
773
775
776
777
778
779
780
781
783
784
785
786
787
788
789
790
791
792
