929
930
931
932
933
934
935
936
937
938
939
941
942
943
944
945
946
947
948
949
950
951
952
953
954
955
956
957
958
959
960
961
964
965
966
967
968
969
970
971
973
974
975
976
977
978
979
980
981
982
984
985
986
987
988
989
990
991
992
993
994
996
997
998
999
1000
1001
1002
1003
1004
1005
1006
1007
1008
1009
1010
1011
1012
1014
1015
1017
1018
1020
1021
1022
1023
1024
1026
1028
1029
1030
1031
1032
1034
1036
1037
1038
1039
1040
1041
1042
1043
1044
1045
1046
1047
1048
1049
1050
1051
1052
1053
1054
1055
1056
1057
1058
1059
1060
1061
1062
1064
1065
1066
1067
1068
1069
1070
