1661
1662
1663
1664
1666
1667
1668
1669
1670
1671
1672
1673
1674
1675
1676
1677
1678
1679
1680
1681
1682
1683
1684
1685
1688
1689
1690
1691
1692
1694
1695
1696
1697
1698
1699
1700
1703
1704
1705
1706
1707
1708
1709
1710
1711
1714
1716
1717
1718
1719
1720
1721
1722
1724
1725
1726
1727
1728
1729
1730
1732
1733
1735
1736
1737
1738
1739
1740
1742
1744
1745
1746
1748
1749
1750
1752
1753
1755
1756
1757
1758
1759
1760
1761
1762
1764
1765
1766
1767
1768
1769
1770
1772
1773
1774
1775
1776
1778
1779
1781
1782
1783
1784
1785
1786
1787
1788
1790
1792
1793
1795
1796
1797
1798
1799
1800
1801
1802
1803
1804
1805
1806
1807
1808
1809
1810
1811
1812
