1813
1814
1815
1816
1817
1818
1819
1820
1821
1822
1823
1824
1826
1827
1828
1829
1831
1833
1834
1835
1836
1837
1838
1839
1840
1841
1842
1843
1844
1845
1846
1847
1848
1849
1851
1852
1854
1855
1856
1858
1859
1860
1861
1862
1864
1865
1866
1867
1869
1870
1871
1872
1873
1874
1875
1876
1877
1878
1879
1880
1881
1882
1883
1884
1885
1887
1889
1890
1892
1893
1895
1896
1897
1898
1899
1901
1902
1903
1904
1905
1906
1907
1908
1909
1912
1913
1914
1915
1916
1917
1918
1920
1921
1922
1923
1924
1927
1928
1929
1930
1931
1933
1936
1938
1939
1940
1941
1942
1943
1944
1945
1946
1948
1949
1951
1952
1953
1954
1955
1956
1957
1958
1959
1960
1961
1962
1963
1964
