1966
1967
1968
1969
1970
1971
1972
1974
1975
1976
1977
1979
1980
1981
1982
1984
1986
1987
1988
1990
1991
1992
1993
1995
1996
1998
2000
2002
2005
2006
2008
2009
2010
2011
2012
2013
2014
2015
2016
2017
2018
2020
2021
2022
2024
2026
2027
2029
2030
2031
2033
2034
2035
2037
2038
2039
2040
2041
2042
2043
2045
2046
2047
2048
2049
2050
2051
2052
2053
2054
2055
2056
2058
2059
2060
2063
2064
2066
2067
2068
2069
2070
2071
2073
2074
2078
2079
2080
2081
2082
2083
2084
2085
2086
2087
2088
2089
2090
2091
2092
2093
2094
2096
2097
2098
2100
2101
2103
2104
2105
2106
2107
2108
2109
2110
2111
2112
2114
2115
2116
2117
2118
2120
2122
2123
2124
2125
2126
