2127
2128
2129
2130
2131
2132
2133
2134
2136
2137
2138
2139
2141
2142
2143
2144
2145
2146
2147
2148
2149
2150
2151
2152
2153
2154
2155
2156
2157
2160
2161
2162
2163
2164
2165
2166
2167
2168
2169
2171
2173
2174
2175
2177
2178
2179
2180
2181
2182
2183
2184
2185
2186
2187
2188
2189
2190
2191
2192
2193
2194
2195
2197
2199
2200
2201
2202
2204
2205
2207
2209
2210
2211
2212
2213
2214
2216
2217
2220
2221
2222
2223
2224
2225
2226
2227
2228
2229
2230
2231
2232
2234
2235
2236
2237
2238
2239
2240
2241
2243
2244
2245
2246
2247
2248
2249
2250
2252
2253
2254
2255
2256
2257
2258
2259
2260
2261
2262
2264
2265
2267
2268
2269
2270
2271
2272
2273
2274
