2275
2276
2277
2280
2282
2284
2285
2286
2287
2288
2290
2291
2292
2293
2294
2295
2296
2298
2300
2301
2302
2303
2304
2305
2306
2307
2308
2309
2310
2311
2312
2313
2314
2315
2316
2317
2318
2319
2320
2321
2322
2323
2324
2326
2327
2328
2329
2330
2331
2332
2333
2336
2337
2338
2339
2341
2342
2343
2344
2345
2346
2347
2348
2349
2350
2352
2354
2358
2359
2360
2361
2362
2364
2366
2367
2368
2369
2370
2371
2372
2373
2375
2376
2378
2380
2381
2382
2383
2385
2386
2387
2388
2389
2390
2391
2392
2393
2394
2395
2396
2397
2398
2399
2400
2401
2403
2404
2405
2406
2407
2410
2412
2413
2414
2415
2417
2418
2419
2420
2421
2422
2423
2424
2425
2426
2427
2428
2429
