2430
2431
2432
2433
2434
2436
2437
2438
2439
2440
2442
2444
2445
2446
2447
2448
2449
2450
2451
2452
2454
2455
2456
2457
2459
2461
2462
2463
2465
2467
2468
2469
2471
2472
2474
2475
2476
2477
2478
2480
2481
2482
2483
2484
2485
2486
2490
2491
2492
2493
2494
2495
2496
2497
2498
2500
2501
2502
2503
2504
2505
2506
2507
2508
2509
2510
2511
2512
2513
2514
2515
2517
2518
2519
2520
2521
2522
2523
2524
2525
2527
2528
2530
2531
2532
2534
2535
2537
2539
2540
2541
2542
2543
2544
2546
2547
2548
2549
2550
2551
2553
2555
2556
2557
2558
2559
2560
2561
2562
2563
2564
2565
2566
2567
2568
2569
2570
2571
2573
2574
2575
2576
2577
2578
2579
2581
2584
2586
