2741
2743
2745
2746
2747
2748
2749
2750
2751
2752
2753
2755
2756
2757
2758
2759
2760
2761
2762
2763
2765
2766
2767
2768
2770
2771
2772
2774
2775
2776
2777
2778
2779
2780
2781
2782
2783
2784
2785
2786
2789
2791
2792
2793
2794
2796
2797
2798
2800
2802
2803
2804
2806
2807
2808
2809
2810
2811
2814
2816
2817
2818
2819
2820
2821
2822
2823
2824
2825
2827
2828
2829
2830
2831
2833
2837
2839
2840
2841
2842
2843
2844
2845
2846
2847
2848
2850
2851
2852
2853
2854
2855
2856
2857
2859
2861
2862
2863
2864
2865
2866
2868
2869
2870
2871
2872
2874
2876
2877
2878
2879
2880
2882
2884
2885
2886
2887
2889
2890
2891
2892
2893
2895
2896
2898
2899
2900
2901
