2902
2903
2904
2906
2907
2908
2911
2912
2913
2914
2916
2917
2918
2919
2922
2925
2926
2927
2928
2929
2930
2931
2932
2933
2934
2935
2936
2937
2938
2939
2940
2941
2942
2943
2944
2945
2946
2947
2948
2949
2950
2951
2952
2953
2954
2955
2956
2957
2958
2959
2961
2962
2963
2964
2965
2967
2970
2971
2972
2974
2975
2976
2978
2979
2980
2982
2983
2985
2986
2987
2989
2991
2992
2993
2995
2996
2997
2998
2999
3000
3002
3003
3004
3005
3007
3008
3009
3010
3011
3012
3014
3015
3018
3019
3021
3025
3026
3027
3029
3030
3031
3033
3034
3038
3039
3040
3041
3042
3043
3045
3048
3049
3050
3052
3053
3054
3056
3057
3058
3059
3061
3062
3063
3065
3067
3070
3071
3072
