3074
3075
3076
3077
3080
3081
3083
3084
3086
3087
3089
3091
3092
3093
3097
3098
3099
3100
3102
3103
3105
3107
3108
3109
3110
3111
3112
3113
3116
3117
3119
3121
3122
3123
3124
3125
3126
3127
3131
3132
3133
3134
3136
3139
3142
3143
3144
3145
3146
3147
3148
3149
3152
3153
3154
3155
3156
3159
3160
3161
3163
3165
3167
3168
3170
3171
3172
3174
3175
3176
3177
3179
3180
3183
3184
3185
3186
3187
3188
3190
3191
3192
3193
3195
3197
3198
3199
3200
3205
3207
3208
3209
3210
3212
3213
3214
3216
3218
3219
3220
3221
3222
3223
3224
3225
3226
3228
3230
3231
3232
3234
3235
3236
3237
3238
3239
3240
3241
3242
3243
3244
3245
3246
3249
3250
3251
3252
3254
