4046
4047
4048
4049
4050
4051
4052
4054
4055
4056
4057
4058
4059
4061
4062
4063
4064
4065
4066
4067
4068
4069
4070
4071
4073
4076
4077
4078
4079
4081
4082
4083
4084
4085
4086
4087
4088
4089
4090
4092
4093
4094
4095
4096
4097
4098
4099
4100
4101
4102
4103
4104
4105
4106
4107
4108
4109
4110
4112
4113
4114
4115
4116
4117
4119
4120
4121
4123
4124
4125
4126
4127
4128
4129
4130
4132
4133
4134
4135
4137
4138
4140
4141
4142
4143
4144
4145
4146
4147
4148
4149
4151
4152
4153
4154
4156
4157
4158
4159
4160
4161
4162
4163
4164
4165
4167
4168
4169
4170
4171
4172
4173
4174
4175
4176
4177
4178
4179
4180
4181
4182
4183
4184
4185
4186
4187
4188
4189
