4190
4191
4192
4193
4194
4195
4196
4197
4199
4201
4202
4204
4205
4206
4207
4208
4209
4210
4211
4212
4213
4214
4215
4216
4217
4218
4219
4221
4222
4223
4224
4225
4226
4228
4229
4230
4231
4232
4233
4234
4235
4237
4238
4239
4240
4242
4243
4244
4246
4247
4248
4249
4251
4252
4254
4255
4256
4257
4258
4259
4262
4263
4264
4266
4267
4269
4270
4271
4272
4274
4275
4276
4277
4279
4280
4281
4282
4283
4284
4285
4286
4287
4288
4289
4290
4292
4293
4294
4295
4296
4298
4299
4300
4301
4302
4303
4304
4305
4306
4307
4308
4310
4311
4312
4313
4315
4317
4318
4319
4320
4321
4322
4324
4325
4326
4327
4328
4329
4330
4331
4332
4333
4334
4335
4336
4337
4338
4339
