4340
4341
4342
4343
4344
4345
4347
4348
4349
4350
4351
4352
4353
4354
4355
4356
4357
4359
4361
4363
4364
4365
4366
4367
4368
4370
4372
4373
4374
4375
4376
4377
4379
4380
4381
4382
4383
4384
4385
4386
4387
4388
4389
4390
4391
4392
4393
4394
4396
4397
4398
4399
4401
4402
4403
4404
4405
4406
4407
4408
4410
4412
4413
4414
4415
4416
4417
4418
4419
4420
4421
4422
4423
4424
4426
4427
4428
4429
4430
4432
4433
4434
4435
4436
4437
4438
4439
4440
4441
4442
4443
4444
4445
4446
4447
4449
4450
4452
4453
4456
4457
4458
4459
4460
4461
4462
4463
4464
4465
4466
4468
4469
4470
4472
4473
4475
4476
4477
4478
4480
4481
4482
4483
4484
4485
4486
4487
4488
