4489
4490
4491
4492
4494
4495
4496
4497
4498
4499
4500
4501
4502
4503
4505
4506
4507
4508
4510
4511
4512
4513
4514
4515
4516
4517
4518
4519
4520
4521
4522
4523
4524
4525
4526
4527
4530
4531
4532
4533
4534
4535
4536
4537
4538
4539
4540
4541
4544
4546
4547
4548
4549
4550
4551
4552
4553
4555
4556
4557
4561
4562
4563
4565
4566
4567
4568
4569
4571
4572
4573
4574
4575
4577
4579
4581
4582
4583
4584
4585
4586
4588
4589
4590
4591
4592
4593
4594
4595
4596
4597
4598
4599
4600
4601
4603
4605
4606
4608
4609
4611
4612
4613
4614
4615
4616
4617
4618
4619
4620
4621
4622
4623
4624
4625
4626
4627
4628
4629
4630
4631
4632
4633
4635
4637
4638
4640
4642
