10.2432 0.188404 0.0000105929 -1
59.8742 0.57932 0.0000365089 -1
25.8853 0.341581 0.0000563776 -1
7.99306 0.308649 0.0000621703 -1
27.158 0.829733 0.0000339514 -1
25.4666 0.380531 0.0000324521 -1
2.75701 0.183344 0.0000963615 -1
46.5614 0.939491 0.0000233559 -1
3.55106 0.152009 0.0000960614 -1
19.9759 0.207356 0.0000095914 -1
6.57096 0.0638355 0.0000558129 -1
25.6139 0.957793 0.0000617287 -1
11.8061 0.168615 0.0000966589 -1
31.3972 0.429823 0.0000469629 -1
3.67123 0.414348 0.0001333330 -1
11.761 0.343089 0.0000296959 -1
26.9995 0.73494 0.0000222046 -1
30.2014 0.456225 0.0000247571 -1
12.1355 0.785337 0.0000999829 -1
22.4832 0.955154 0.0000877722 -1
8.09547 0.209779 0.0000807857 -1
4.03269 0.0731997 0.0000035407 -1
20.6569 0.407376 0.0000377802 -1
21.492 0.299883 0.0000522661 -1
27.2405 0.246195 0.0000248567 -1
27.5658 0.209361 0.0000188430 -1
26.7362 0.637933 0.0000653240 -1
13.6609 0.23771 0.0000450571 -1
29.577 0.553103 0.0000551827 -1
3.38692 0.124675 0.0001822920 -1
14.1994 0.157718 0.0000037871 -1
33.2176 0.599 0.0000787829 -1
10.1818 0.231251 0.0000185304 -1
3.33932 0.479207 0.0001670710 -1
22.2901 0.212495 0.0000673225 -1
6.05227 0.970183 0.0000909847 -1
6.75819 0.528804 0.0000971894 -1
5.96568 0.298554 0.0001012240 -1
2.55201 0.23711 0.0001740580 -1
61.5854 0.731156 0.0000006618 -1
4.58578 0.919795 0.0000724422 -1
15.0289 0.481889 0.0000566307 -1
2.24485 0.581369 0.0002443350 -1
2.78605 0.228364 0.0002092600 -1
7.4295 0.306633 0.0000054074 -1
27.7799 0.323219 0.0000364528 -1
49.6171 0.968689 0.0000301812 -1
7.6166 0.20789 0.0000580943 -1
24.2777 0.239986 0.0000237548 -1
57.8745 0.728488 0.0000111841 -1
24.8182 0.390393 0.0000842192 -1
15.7052 0.255042 0.0000657032 -1
23.7818 0.445101 0.0000755951 -1
4.99717 0.126484 0.0001366030 -1
29.1098 0.82603 0.0000716549 -1
30.1986 0.884454 0.0000057380 -1
12.8188 0.233719 0.0000095066 -1
11.9553 0.322977 0.0001009000 -1
12.5198 0.531658 0.0000354941 -1
22.1286 0.393055 0.0000535638 -1
21.8048 0.232189 0.0000634154 -1
37.3881 0.86547 0.0000339424 -1
25.9203 0.89124 0.0000134335 -1
8.3414 0.251511 0.0000307563 -1
39.0883 0.68861 0.0000323749 -1
2.78475 0.282418 0.0001558850 -1
36.535 0.552099 0.0000426879 -1
10.26 0.1996 0.0000479924 -1
33.5284 0.326209 0.0000292752 -1
35.2535 0.98068 0.0000058816 -1
37.4484 0.52102 0.0000757655 -1
37.9789 0.462613 0.0000418976 -1
39.3275 0.540637 0.0000003701 -1
27.2439 0.212576 0.0000467173 -1
16.2508 0.3218 0.0000611254 -1
23.3298 0.991997 0.0000725437 -1
11.1642 0.129673 0.0000019276 -1
5.49932 0.162861 0.0000152205 -1
0.947996 0.746086 0.0000938361 -1
46.1796 0.447126 0.0000225291 -1
2.31842 0.792567 0.0002284640 -1
9.79754 0.157335 0.0000047684 -1
37.1302 0.40505 0.0000278883 -1
29.6417 0.304069 0.0000139571 -1
3.08874 0.747253 0.0002012000 -1
4.79026 0.270099 0.0001380950 -1
23.1292 0.533668 0.0000268061 -1
1.54848 0.562024 0.0000529878 -1
56.7961 0.800205 0.0000226228 -1
23.2029 0.258747 0.0000284908 -1
17.4639 0.184118 0.0001124230 -1
24.76 0.658734 0.0000329279 -1
45.7268 0.86362 0.0000142231 -1
4.95517 0.784301 0.0000069330 -1
9.45656 0.131895 0.0000479760 -1
2.23554 0.0680432 0.0001876540 -1
29.5603 0.515838 0.0000233770 -1
8.65715 0.229005 0.0000279397 -1
0.841987 0.174334 0.0000530073 -1
22.277 0.401388 0.0000533183 -1
2.87019 0.415539 0.0001377010 -1
14.7692 0.230192 0.0000731153 -1
2.76237 0.136556 0.0002227410 -1
2.75779 0.0179198 0.0001196480 -1
2.06145 0.181187 0.0000286324 -1
32.3896 0.500619 0.0000483342 -1
36.049 0.335222 0.0000351135 -1
26.5226 0.761742 0.0000645233 -1
33.2773 0.30068 0.0000430847 -1
3.07689 0.0665335 0.0001944370 -1
23.5624 0.461495 0.0000684737 -1
29.285 0.34543 0.0000334838 -1
9.50165 0.703172 0.0000571578 -1
13.362 0.446288 0.0000039506 -1
44.0438 0.943807 0.0000172457 -1
27.1344 0.426006 0.0000676250 -1
6.38207 0.0541344 0.0000183143 -1
11.2303 0.0855868 0.0000326728 -1
0.765452 0.190171 0.0001099590 -1
2.04563 0.822314 0.0001451410 -1
19.5916 0.324997 0.0000225497 -1
27.0291 0.599252 0.0000487496 -1
30.0774 0.380927 0.0000136111 -1
45.8527 0.542612 0.0000249750 -1
3.89807 0.044162 0.0001347430 -1
13.1498 0.16022 0.0000761364 -1
14.4438 0.474069 0.0000354818 -1
6.60343 0.193398 0.0000829259 -1
14.2071 0.14471 0.0000877461 -1
11.298 0.121988 0.0000354792 -1
77.3193 0.925292 0.0000006727 -1
18.1991 0.50578 0.0000556901 -1
7.68142 0.0624346 0.0001110940 -1
15.1573 0.316362 0.0000926544 -1
35.3847 0.324941 0.0000101379 -1
39.7956 0.535214 0.0000186647 -1
6.34551 0.127525 0.0001115180 -1
32.0826 0.373888 0.0000714959 -1
2.85419 0.933603 0.0001764790 -1
9.06826 0.1565 0.0000473287 -1
1.72885 0.0273608 0.0002399420 -1
37.352 0.799211 0.0000200245 -1
23.7139 0.277508 0.0000011401 -1
6.57281 0.106615 0.0000294349 -1
8.22091 0.167819 0.0000864941 -1
36.249 0.903889 0.0000288071 -1
39.5287 0.436568 0.0000384911 -1
22.5725 0.195051 0.0000176727 -1
7.66974 0.453161 0.0001389820 -1
3.09563 0.860162 0.0000562962 -1
26.5214 0.305455 0.0000613433 -1
46.8871 0.674638 0.0000347698 -1
24.2989 0.470383 0.0000533053 -1
13.1001 0.439279 0.0000441412 -1
3.7453 0.821879 0.0001631910 -1
7.75478 0.150047 0.0000447319 -1
3.5731 0.54457 0.0000513660 -1
18.0493 0.327417 0.0000021654 -1
17.4952 0.180127 0.0000441583 -1
13.875 0.952839 0.0000863550 -1
10.8756 0.794497 0.0000421590 -1
26.8107 0.411145 0.0000311408 -1
15.8263 0.530634 0.0000679729 -1
20.2225 0.407072 0.0000429144 -1
46.0138 0.854765 0.0000201930 -1
8.52003 0.204213 0.0000910739 -1
16.6845 0.702516 0.0000424807 -1
0.769884 0.278659 0.0002224570 -1
24.3011 0.237268 0.0000166008 -1
38.5519 0.796633 0.0000222558 -1
11.6892 0.668999 0.0000089277 -1
19.7021 0.935065 0.0000131594 -1
1.53507 0.354999 0.0002031530 -1
10.6252 0.16708 0.0000620330 -1
14.6228 0.262258 0.0000635652 -1
6.41988 0.0710082 0.0000301457 -1
8.50546 0.425606 0.0001124380 -1
13.4565 0.175677 0.0000155362 -1
5.61315 0.121155 0.0001392100 -1
25.5349 0.42988 0.0000076444 -1
29.2302 0.391597 0.0000344712 -1
8.20606 0.141085 0.0000674793 -1
14.5625 0.360145 0.0000552644 -1
1.34363 0.57945 0.0002448470 -1
3.46879 0.173587 0.0001609890 -1
70.5017 0.868547 0.0000213641 -1
20.9609 0.405801 0.0000903885 -1
24.2523 0.325785 0.0000214740 -1
2.42415 0.151578 0.0001360810 -1
18.6178 0.232999 0.0000226232 -1
55.9735 0.989619 0.0000339647 -1
7.29963 0.824827 0.0000656146 -1
31.6401 0.308707 0.0000273299 -1
47.8329 0.740921 0.0000408511 -1
37.9877 0.541792 0.0000145573 -1
6.25229 0.171727 0.0001498020 -1
4.47086 0.132774 0.0000863902 -1
16.11 0.599372 0.0000717348 -1
9.51202 0.67133 0.0001496900 -1
19.6032 0.922614 0.0000120981 -1
