20.780437418973 0.78216999115888 0.0000000000 -1
92.7041056187467 0.831782136585098 0.0000000000 -1
17.8470302936001 0.173463974042321 0.0000000000 -1
5.48074450538036 0.0783882757897468 0.0000000000 -1
10.3390597818361 0.0565550200328686 0.0000000000 -1
29.8150927287304 0.367042637961733 0.0000000000 -1
1.83310359998505 0.0493173825017044 0.0000000000 -1
66.8901666558962 0.715413714849856 0.0000000000 -1
33.0935455258908 0.463865433160568 0.0000000000 -1
34.2663756341291 0.419315110070092 0.0000000000 -1
56.2032991502077 0.525461295319255 0.0000000000 -1
29.8501097691305 0.816568578027654 0.0000000000 -1
57.3577918977194 0.48086871628069 0.0000000000 -1
58.8162721290273 0.742419930412434 0.0000000000 -1
23.0122632457919 0.216128398146786 0.0000000000 -1
34.7288018836574 0.313546925751341 0.0000000000 -1
25.1861974696926 0.33440231738909 0.0000000000 -1
9.37919646432187 0.156775749302469 0.0000000000 -1
82.2479916166792 0.985908143494744 0.0000000000 -1
56.8851269514082 0.569391771117225 0.0000000000 -1
71.4699388229031 0.631300406709779 0.0000000000 -1
21.0134162759765 0.226364647166338 0.0000000000 -1
11.5007214940224 0.0686692358444672 0.0000000000 -1
32.1096307574276 0.447471088145394 0.0000000000 -1
10.8986986114342 0.0899566074258825 0.0000000000 -1
0.0499314715729115 0.723692611744627 0.0000000000 -1
12.1207554179943 0.111763631655331 0.0000000000 -1
13.5145274362993 0.220384337305623 0.0000000000 -1
47.493507046098 0.463016365283149 0.0000000000 -1
39.4842717614806 0.340527371592023 0.0000000000 -1
30.8771515819829 0.27197012738728 0.0000000000 -1
18.2196771473252 0.143474775914329 0.0000000000 -1
32.4592193780824 0.33711907683406 0.0000000000 -1
13.3796454433798 0.201685615119697 0.0000000000 -1
14.7384174817598 0.160022846273923 0.0000000000 -1
9.75957479892655 0.709312733118422 0.0000000000 -1
41.3485266539052 0.328664119946186 0.0000000000 -1
36.9702153035514 0.480645163826056 0.0000000000 -1
37.9930022161364 0.397328678898693 0.0000000000 -1
33.9472840702597 0.3134294704278 0.0000000000 -1
28.3616071278626 0.934961919230409 0.0000000000 -1
19.6953225612258 0.0873706480121817 0.0000000000 -1
19.2684077527724 0.0870176476042207 0.0000000000 -1
5.94703539314264 0.197030431297608 0.0000000000 -1
24.0818204683192 0.552688884173986 0.0000000000 -1
45.430427271417 0.462265857378952 0.0000000000 -1
20.8742055878479 0.593605082060676 0.0000000000 -1
28.8432922406416 0.195452730196016 0.0000000000 -1
81.8154417174532 0.801823113935534 0.0000000000 -1
33.2776679271 0.725661109772045 0.0000000000 -1
24.3402742118068 0.196766791948809 0.0000000000 -1
25.9415679949337 0.294035806989369 0.0000000000 -1
55.9645930796545 0.956824195077643 0.0000000000 -1
3.66482752484289 0.939592857554089 0.0000000000 -1
28.4180820459515 0.227063479260974 0.0000000000 -1
7.86574538481642 0.150270124663485 0.0000000000 -1
17.4225698793107 0.0966752788843152 0.0000000000 -1
19.568348921776 0.344666102761403 0.0000000000 -1
74.6408013808244 0.96732501026243 0.0000000000 -1
56.127143666703 0.644028662790079 0.0000000000 -1
41.4415951001834 0.434679696783423 0.0000000000 -1
34.6408145197053 0.839193049499299 0.0000000000 -1
17.9250369142701 0.864167139399797 0.0000000000 -1
18.942105716201 0.275663654328225 0.0000000000 -1
38.2848855237067 0.358188881517788 0.0000000000 -1
16.2093290982847 0.525073869987391 0.0000000000 -1
89.6614895579702 0.991732798563316 0.0000000000 -1
3.27592420708784 0.654507434805855 0.0000000000 -1
10.6091814333539 0.143832750547947 0.0000000000 -1
5.51547953600632 0.202320503367705 0.0000000000 -1
41.4470329249595 0.750084708228242 0.0000000000 -1
25.5596315984104 0.318514830426507 0.0000000000 -1
30.2654441006165 0.602501410122495 0.0000000000 -1
39.089534739825 0.786360051580705 0.0000000000 -1
9.16896215768389 0.313295929606167 0.0000000000 -1
13.3387939745744 0.128794540501855 0.0000000000 -1
34.0901173818328 0.310358821973675 0.0000000000 -1
39.1025552895376 0.316752766034662 0.0000000000 -1
14.9495120630897 0.874655128282029 0.0000000000 -1
1.17015829198712 0.0401138118428483 0.0000000000 -1
41.9486714061603 0.599073463765888 0.0000000000 -1
26.6193424344748 0.0547917320433649 0.0000000000 -1
32.9297856502775 0.285228576686917 0.0000000000 -1
15.5781908672295 0.336143005518262 0.0000000000 -1
77.739322279144 0.944076768117957 0.0000000000 -1
44.7990280093726 0.532367524578632 0.0000000000 -1
65.2654467716298 0.975169165919069 0.0000000000 -1
18.4430588002099 0.759176850100048 0.0000000000 -1
47.5965773636237 0.520450298518408 0.0000000000 -1
31.7172385348958 0.646326436633244 0.0000000000 -1
51.7318778793189 0.912805883367546 0.0000000000 -1
16.8319177371819 0.228604404457188 0.0000000000 -1
26.4459717495945 0.266844264702483 0.0000000000 -1
34.1695299680206 0.627865217700601 0.0000000000 -1
54.9805460715192 0.301672540043951 0.0000000000 -1
30.0297614432615 0.301196535566922 0.0000000000 -1
11.756043079591 0.331511374225993 0.0000000000 -1
18.8761914478882 0.212012767654637 0.0000000000 -1
9.89731137554764 0.166317718127269 0.0000000000 -1
73.3351936120544 0.669433421408689 0.0000000000 -1
